0 0 25 0 t
0 25 25 25 f
25 0 25 25 t
0 0 0 25 t
0 25 25 25 f
0 50 25 50 f
25 25 25 50 f
0 25 0 50 t
0 50 25 50 f
0 75 25 75 f
25 50 25 75 t
0 50 0 75 t
0 75 25 75 f
0 100 25 100 t
25 75 25 100 f
0 75 0 100 t
0 100 25 100 t
0 125 25 125 t
25 100 25 125 f
0 100 0 125 t
0 125 25 125 t
0 150 25 150 t
25 125 25 150 f
0 125 0 150 t
0 150 25 150 t
0 175 25 175 f
25 150 25 175 f
0 150 0 175 t
0 175 25 175 f
0 200 25 200 f
25 175 25 200 t
0 175 0 200 t
0 200 25 200 f
0 225 25 225 f
25 200 25 225 t
0 200 0 225 t
0 225 25 225 f
0 250 25 250 f
25 225 25 250 f
0 225 0 250 t
0 250 25 250 f
0 275 25 275 t
25 250 25 275 t
0 250 0 275 t
0 275 25 275 t
0 300 25 300 t
25 275 25 300 f
0 275 0 300 t
0 300 25 300 t
0 325 25 325 f
25 300 25 325 t
0 300 0 325 t
0 325 25 325 f
0 350 25 350 f
25 325 25 350 f
0 325 0 350 t
0 350 25 350 f
0 375 25 375 f
25 350 25 375 t
0 350 0 375 t
0 375 25 375 f
0 400 25 400 t
25 375 25 400 t
0 375 0 400 t
0 400 25 400 t
0 425 25 425 f
25 400 25 425 f
0 400 0 425 t
0 425 25 425 f
0 450 25 450 t
25 425 25 450 t
0 425 0 450 t
0 450 25 450 t
0 475 25 475 f
25 450 25 475 f
0 450 0 475 t
0 475 25 475 f
0 500 25 500 t
25 475 25 500 t
0 475 0 500 t
25 0 50 0 t
25 25 50 25 f
50 0 50 25 f
25 0 25 25 t
25 25 50 25 f
25 50 50 50 t
50 25 50 50 f
25 25 25 50 f
25 50 50 50 t
25 75 50 75 t
50 50 50 75 f
25 50 25 75 t
25 75 50 75 t
25 100 50 100 f
50 75 50 100 t
25 75 25 100 f
25 100 50 100 f
25 125 50 125 f
50 100 50 125 f
25 100 25 125 f
25 125 50 125 f
25 150 50 150 f
50 125 50 150 t
25 125 25 150 f
25 150 50 150 f
25 175 50 175 f
50 150 50 175 t
25 150 25 175 f
25 175 50 175 f
25 200 50 200 f
50 175 50 200 t
25 175 25 200 t
25 200 50 200 f
25 225 50 225 t
50 200 50 225 t
25 200 25 225 t
25 225 50 225 t
25 250 50 250 t
50 225 50 250 t
25 225 25 250 f
25 250 50 250 t
25 275 50 275 f
50 250 50 275 f
25 250 25 275 t
25 275 50 275 f
25 300 50 300 t
50 275 50 300 t
25 275 25 300 f
25 300 50 300 t
25 325 50 325 f
50 300 50 325 f
25 300 25 325 t
25 325 50 325 f
25 350 50 350 t
50 325 50 350 t
25 325 25 350 f
25 350 50 350 t
25 375 50 375 t
50 350 50 375 f
25 350 25 375 t
25 375 50 375 t
25 400 50 400 f
50 375 50 400 t
25 375 25 400 t
25 400 50 400 f
25 425 50 425 t
50 400 50 425 f
25 400 25 425 f
25 425 50 425 t
25 450 50 450 t
50 425 50 450 f
25 425 25 450 t
25 450 50 450 t
25 475 50 475 f
50 450 50 475 f
25 450 25 475 f
25 475 50 475 f
25 500 50 500 t
50 475 50 500 t
25 475 25 500 t
50 0 75 0 t
50 25 75 25 t
75 0 75 25 f
50 0 50 25 f
50 25 75 25 t
50 50 75 50 f
75 25 75 50 t
50 25 50 50 f
50 50 75 50 f
50 75 75 75 f
75 50 75 75 f
50 50 50 75 f
50 75 75 75 f
50 100 75 100 t
75 75 75 100 f
50 75 50 100 t
50 100 75 100 t
50 125 75 125 f
75 100 75 125 t
50 100 50 125 f
50 125 75 125 f
50 150 75 150 f
75 125 75 150 t
50 125 50 150 t
50 150 75 150 f
50 175 75 175 t
75 150 75 175 t
50 150 50 175 t
50 175 75 175 t
50 200 75 200 f
75 175 75 200 f
50 175 50 200 t
50 200 75 200 f
50 225 75 225 t
75 200 75 225 f
50 200 50 225 t
50 225 75 225 t
50 250 75 250 t
75 225 75 250 f
50 225 50 250 t
50 250 75 250 t
50 275 75 275 f
75 250 75 275 f
50 250 50 275 f
50 275 75 275 f
50 300 75 300 f
75 275 75 300 t
50 275 50 300 t
50 300 75 300 f
50 325 75 325 f
75 300 75 325 t
50 300 50 325 f
50 325 75 325 f
50 350 75 350 t
75 325 75 350 t
50 325 50 350 t
50 350 75 350 t
50 375 75 375 t
75 350 75 375 f
50 350 50 375 f
50 375 75 375 t
50 400 75 400 t
75 375 75 400 f
50 375 50 400 t
50 400 75 400 t
50 425 75 425 t
75 400 75 425 f
50 400 50 425 f
50 425 75 425 t
50 450 75 450 f
75 425 75 450 f
50 425 50 450 f
50 450 75 450 f
50 475 75 475 f
75 450 75 475 t
50 450 50 475 f
50 475 75 475 f
50 500 75 500 t
75 475 75 500 t
50 475 50 500 t
75 0 100 0 t
75 25 100 25 f
100 0 100 25 f
75 0 75 25 f
75 25 100 25 f
75 50 100 50 t
100 25 100 50 t
75 25 75 50 t
75 50 100 50 t
75 75 100 75 t
100 50 100 75 t
75 50 75 75 f
75 75 100 75 t
75 100 100 100 f
100 75 100 100 f
75 75 75 100 f
75 100 100 100 f
75 125 100 125 t
100 100 100 125 t
75 100 75 125 t
75 125 100 125 t
75 150 100 150 f
100 125 100 150 f
75 125 75 150 t
75 150 100 150 f
75 175 100 175 f
100 150 100 175 t
75 150 75 175 t
75 175 100 175 f
75 200 100 200 t
100 175 100 200 t
75 175 75 200 f
75 200 100 200 t
75 225 100 225 t
100 200 100 225 t
75 200 75 225 f
75 225 100 225 t
75 250 100 250 f
100 225 100 250 f
75 225 75 250 f
75 250 100 250 f
75 275 100 275 f
100 250 100 275 t
75 250 75 275 f
75 275 100 275 f
75 300 100 300 t
100 275 100 300 t
75 275 75 300 t
75 300 100 300 t
75 325 100 325 f
100 300 100 325 f
75 300 75 325 t
75 325 100 325 f
75 350 100 350 t
100 325 100 350 t
75 325 75 350 t
75 350 100 350 t
75 375 100 375 f
100 350 100 375 f
75 350 75 375 f
75 375 100 375 f
75 400 100 400 f
100 375 100 400 t
75 375 75 400 f
75 400 100 400 f
75 425 100 425 f
100 400 100 425 t
75 400 75 425 f
75 425 100 425 f
75 450 100 450 t
100 425 100 450 t
75 425 75 450 f
75 450 100 450 t
75 475 100 475 f
100 450 100 475 f
75 450 75 475 t
75 475 100 475 f
75 500 100 500 t
100 475 100 500 t
75 475 75 500 t
100 0 125 0 t
100 25 125 25 f
125 0 125 25 t
100 0 100 25 f
100 25 125 25 f
100 50 125 50 t
125 25 125 50 f
100 25 100 50 t
100 50 125 50 t
100 75 125 75 f
125 50 125 75 f
100 50 100 75 t
100 75 125 75 f
100 100 125 100 f
125 75 125 100 f
100 75 100 100 f
100 100 125 100 f
100 125 125 125 f
125 100 125 125 f
100 100 100 125 t
100 125 125 125 f
100 150 125 150 f
125 125 125 150 f
100 125 100 150 f
100 150 125 150 f
100 175 125 175 f
125 150 125 175 t
100 150 100 175 t
100 175 125 175 f
100 200 125 200 f
125 175 125 200 f
100 175 100 200 t
100 200 125 200 f
100 225 125 225 f
125 200 125 225 t
100 200 100 225 t
100 225 125 225 f
100 250 125 250 f
125 225 125 250 f
100 225 100 250 f
100 250 125 250 f
100 275 125 275 t
125 250 125 275 f
100 250 100 275 t
100 275 125 275 t
100 300 125 300 f
125 275 125 300 f
100 275 100 300 t
100 300 125 300 f
100 325 125 325 t
125 300 125 325 t
100 300 100 325 f
100 325 125 325 t
100 350 125 350 t
125 325 125 350 f
100 325 100 350 t
100 350 125 350 t
100 375 125 375 t
125 350 125 375 f
100 350 100 375 f
100 375 125 375 t
100 400 125 400 t
125 375 125 400 f
100 375 100 400 t
100 400 125 400 t
100 425 125 425 t
125 400 125 425 f
100 400 100 425 t
100 425 125 425 t
100 450 125 450 f
125 425 125 450 f
100 425 100 450 t
100 450 125 450 f
100 475 125 475 f
125 450 125 475 t
100 450 100 475 f
100 475 125 475 f
100 500 125 500 t
125 475 125 500 t
100 475 100 500 t
125 0 150 0 t
125 25 150 25 f
150 0 150 25 f
125 0 125 25 t
125 25 150 25 f
125 50 150 50 t
150 25 150 50 f
125 25 125 50 f
125 50 150 50 t
125 75 150 75 t
150 50 150 75 t
125 50 125 75 f
125 75 150 75 t
125 100 150 100 t
150 75 150 100 f
125 75 125 100 f
125 100 150 100 t
125 125 150 125 t
150 100 150 125 f
125 100 125 125 f
125 125 150 125 t
125 150 150 150 f
150 125 150 150 t
125 125 125 150 f
125 150 150 150 f
125 175 150 175 t
150 150 150 175 t
125 150 125 175 t
125 175 150 175 t
125 200 150 200 f
150 175 150 200 f
125 175 125 200 f
125 200 150 200 f
125 225 150 225 t
150 200 150 225 t
125 200 125 225 t
125 225 150 225 t
125 250 150 250 t
150 225 150 250 t
125 225 125 250 f
125 250 150 250 t
125 275 150 275 f
150 250 150 275 t
125 250 125 275 f
125 275 150 275 f
125 300 150 300 f
150 275 150 300 f
125 275 125 300 f
125 300 150 300 f
125 325 150 325 f
150 300 150 325 t
125 300 125 325 t
125 325 150 325 f
125 350 150 350 t
150 325 150 350 f
125 325 125 350 f
125 350 150 350 t
125 375 150 375 f
150 350 150 375 f
125 350 125 375 f
125 375 150 375 f
125 400 150 400 f
150 375 150 400 t
125 375 125 400 f
125 400 150 400 f
125 425 150 425 f
150 400 150 425 f
125 400 125 425 f
125 425 150 425 f
125 450 150 450 f
150 425 150 450 t
125 425 125 450 f
125 450 150 450 f
125 475 150 475 t
150 450 150 475 t
125 450 125 475 t
125 475 150 475 t
125 500 150 500 t
150 475 150 500 f
125 475 125 500 t
150 0 175 0 t
150 25 175 25 t
175 0 175 25 t
150 0 150 25 f
150 25 175 25 t
150 50 175 50 t
175 25 175 50 f
150 25 150 50 f
150 50 175 50 t
150 75 175 75 t
175 50 175 75 f
150 50 150 75 t
150 75 175 75 t
150 100 175 100 t
175 75 175 100 f
150 75 150 100 f
150 100 175 100 t
150 125 175 125 f
175 100 175 125 t
150 100 150 125 f
150 125 175 125 f
150 150 175 150 f
175 125 175 150 f
150 125 150 150 t
150 150 175 150 f
150 175 175 175 t
175 150 175 175 t
150 150 150 175 t
150 175 175 175 t
150 200 175 200 f
175 175 175 200 f
150 175 150 200 f
150 200 175 200 f
150 225 175 225 f
175 200 175 225 f
150 200 150 225 t
150 225 175 225 f
150 250 175 250 f
175 225 175 250 t
150 225 150 250 t
150 250 175 250 f
150 275 175 275 t
175 250 175 275 t
150 250 150 275 t
150 275 175 275 t
150 300 175 300 t
175 275 175 300 f
150 275 150 300 f
150 300 175 300 t
150 325 175 325 f
175 300 175 325 t
150 300 150 325 t
150 325 175 325 f
150 350 175 350 f
175 325 175 350 f
150 325 150 350 f
150 350 175 350 f
150 375 175 375 f
175 350 175 375 f
150 350 150 375 f
150 375 175 375 f
150 400 175 400 t
175 375 175 400 f
150 375 150 400 t
150 400 175 400 t
150 425 175 425 f
175 400 175 425 t
150 400 150 425 f
150 425 175 425 f
150 450 175 450 f
175 425 175 450 t
150 425 150 450 t
150 450 175 450 f
150 475 175 475 f
175 450 175 475 t
150 450 150 475 t
150 475 175 475 f
150 500 175 500 t
175 475 175 500 f
150 475 150 500 f
175 0 200 0 t
175 25 200 25 f
200 0 200 25 t
175 0 175 25 t
175 25 200 25 f
175 50 200 50 t
200 25 200 50 t
175 25 175 50 f
175 50 200 50 t
175 75 200 75 f
200 50 200 75 t
175 50 175 75 f
175 75 200 75 f
175 100 200 100 f
200 75 200 100 f
175 75 175 100 f
175 100 200 100 f
175 125 200 125 t
200 100 200 125 f
175 100 175 125 t
175 125 200 125 t
175 150 200 150 f
200 125 200 150 f
175 125 175 150 f
175 150 200 150 f
175 175 200 175 t
200 150 200 175 f
175 150 175 175 t
175 175 200 175 t
175 200 200 200 t
200 175 200 200 f
175 175 175 200 f
175 200 200 200 t
175 225 200 225 t
200 200 200 225 f
175 200 175 225 f
175 225 200 225 t
175 250 200 250 t
200 225 200 250 f
175 225 175 250 t
175 250 200 250 t
175 275 200 275 t
200 250 200 275 f
175 250 175 275 t
175 275 200 275 t
175 300 200 300 f
200 275 200 300 f
175 275 175 300 f
175 300 200 300 f
175 325 200 325 t
200 300 200 325 f
175 300 175 325 t
175 325 200 325 t
175 350 200 350 t
200 325 200 350 t
175 325 175 350 f
175 350 200 350 t
175 375 200 375 t
200 350 200 375 f
175 350 175 375 f
175 375 200 375 t
175 400 200 400 f
200 375 200 400 f
175 375 175 400 f
175 400 200 400 f
175 425 200 425 f
200 400 200 425 f
175 400 175 425 t
175 425 200 425 f
175 450 200 450 f
200 425 200 450 t
175 425 175 450 t
175 450 200 450 f
175 475 200 475 t
200 450 200 475 f
175 450 175 475 t
175 475 200 475 t
175 500 200 500 t
200 475 200 500 f
175 475 175 500 f
200 0 225 0 t
200 25 225 25 f
225 0 225 25 f
200 0 200 25 t
200 25 225 25 f
200 50 225 50 f
225 25 225 50 f
200 25 200 50 t
200 50 225 50 f
200 75 225 75 f
225 50 225 75 f
200 50 200 75 t
200 75 225 75 f
200 100 225 100 t
225 75 225 100 f
200 75 200 100 f
200 100 225 100 t
200 125 225 125 t
225 100 225 125 f
200 100 200 125 f
200 125 225 125 t
200 150 225 150 t
225 125 225 150 t
200 125 200 150 f
200 150 225 150 t
200 175 225 175 t
225 150 225 175 f
200 150 200 175 f
200 175 225 175 t
200 200 225 200 t
225 175 225 200 f
200 175 200 200 f
200 200 225 200 t
200 225 225 225 f
225 200 225 225 t
200 200 200 225 f
200 225 225 225 f
200 250 225 250 f
225 225 225 250 f
200 225 200 250 f
200 250 225 250 f
200 275 225 275 t
225 250 225 275 f
200 250 200 275 f
200 275 225 275 t
200 300 225 300 t
225 275 225 300 f
200 275 200 300 f
200 300 225 300 t
200 325 225 325 t
225 300 225 325 f
200 300 200 325 f
200 325 225 325 t
200 350 225 350 f
225 325 225 350 f
200 325 200 350 t
200 350 225 350 f
200 375 225 375 t
225 350 225 375 f
200 350 200 375 f
200 375 225 375 t
200 400 225 400 t
225 375 225 400 t
200 375 200 400 f
200 400 225 400 t
200 425 225 425 f
225 400 225 425 f
200 400 200 425 f
200 425 225 425 f
200 450 225 450 t
225 425 225 450 f
200 425 200 450 t
200 450 225 450 t
200 475 225 475 t
225 450 225 475 f
200 450 200 475 f
200 475 225 475 t
200 500 225 500 t
225 475 225 500 t
200 475 200 500 f
225 0 250 0 t
225 25 250 25 t
250 0 250 25 t
225 0 225 25 f
225 25 250 25 t
225 50 250 50 t
250 25 250 50 f
225 25 225 50 f
225 50 250 50 t
225 75 250 75 t
250 50 250 75 f
225 50 225 75 f
225 75 250 75 t
225 100 250 100 t
250 75 250 100 t
225 75 225 100 f
225 100 250 100 t
225 125 250 125 f
250 100 250 125 f
225 100 225 125 f
225 125 250 125 f
225 150 250 150 t
250 125 250 150 f
225 125 225 150 t
225 150 250 150 t
225 175 250 175 t
250 150 250 175 t
225 150 225 175 f
225 175 250 175 t
225 200 250 200 f
250 175 250 200 f
225 175 225 200 f
225 200 250 200 f
225 225 250 225 t
250 200 250 225 t
225 200 225 225 t
225 225 250 225 t
225 250 250 250 t
250 225 250 250 t
225 225 225 250 f
225 250 250 250 t
225 275 250 275 t
250 250 250 275 f
225 250 225 275 f
225 275 250 275 t
225 300 250 300 t
250 275 250 300 f
225 275 225 300 f
225 300 250 300 t
225 325 250 325 t
250 300 250 325 t
225 300 225 325 f
225 325 250 325 t
225 350 250 350 t
250 325 250 350 t
225 325 225 350 f
225 350 250 350 t
225 375 250 375 f
250 350 250 375 f
225 350 225 375 f
225 375 250 375 f
225 400 250 400 t
250 375 250 400 f
225 375 225 400 t
225 400 250 400 t
225 425 250 425 t
250 400 250 425 t
225 400 225 425 f
225 425 250 425 t
225 450 250 450 t
250 425 250 450 t
225 425 225 450 f
225 450 250 450 t
225 475 250 475 f
250 450 250 475 f
225 450 225 475 f
225 475 250 475 f
225 500 250 500 t
250 475 250 500 t
225 475 225 500 t
250 0 275 0 t
250 25 275 25 t
275 0 275 25 f
250 0 250 25 t
250 25 275 25 t
250 50 275 50 t
275 25 275 50 t
250 25 250 50 f
250 50 275 50 t
250 75 275 75 f
275 50 275 75 t
250 50 250 75 f
250 75 275 75 f
250 100 275 100 t
275 75 275 100 f
250 75 250 100 t
250 100 275 100 t
250 125 275 125 t
275 100 275 125 t
250 100 250 125 f
250 125 275 125 t
250 150 275 150 t
275 125 275 150 f
250 125 250 150 f
250 150 275 150 t
250 175 275 175 f
275 150 275 175 f
250 150 250 175 t
250 175 275 175 f
250 200 275 200 t
275 175 275 200 t
250 175 250 200 f
250 200 275 200 t
250 225 275 225 f
275 200 275 225 t
250 200 250 225 t
250 225 275 225 f
250 250 275 250 f
275 225 275 250 t
250 225 250 250 t
250 250 275 250 f
250 275 275 275 t
275 250 275 275 f
250 250 250 275 f
250 275 275 275 t
250 300 275 300 f
275 275 275 300 f
250 275 250 300 f
250 300 275 300 f
250 325 275 325 t
275 300 275 325 t
250 300 250 325 t
250 325 275 325 t
250 350 275 350 f
275 325 275 350 f
250 325 250 350 t
250 350 275 350 f
250 375 275 375 t
275 350 275 375 t
250 350 250 375 f
250 375 275 375 t
250 400 275 400 f
275 375 275 400 t
250 375 250 400 f
250 400 275 400 f
250 425 275 425 t
275 400 275 425 f
250 400 250 425 t
250 425 275 425 t
250 450 275 450 f
275 425 275 450 t
250 425 250 450 t
250 450 275 450 f
250 475 275 475 t
275 450 275 475 f
250 450 250 475 f
250 475 275 475 t
250 500 275 500 t
275 475 275 500 f
250 475 250 500 t
275 0 300 0 t
275 25 300 25 f
300 0 300 25 t
275 0 275 25 f
275 25 300 25 f
275 50 300 50 f
300 25 300 50 f
275 25 275 50 t
275 50 300 50 f
275 75 300 75 f
300 50 300 75 t
275 50 275 75 t
275 75 300 75 f
275 100 300 100 f
300 75 300 100 f
275 75 275 100 f
275 100 300 100 f
275 125 300 125 t
300 100 300 125 t
275 100 275 125 t
275 125 300 125 t
275 150 300 150 t
300 125 300 150 t
275 125 275 150 f
275 150 300 150 t
275 175 300 175 f
300 150 300 175 t
275 150 275 175 f
275 175 300 175 f
275 200 300 200 f
300 175 300 200 f
275 175 275 200 t
275 200 300 200 f
275 225 300 225 t
300 200 300 225 f
275 200 275 225 t
275 225 300 225 t
275 250 300 250 f
300 225 300 250 t
275 225 275 250 t
275 250 300 250 f
275 275 300 275 t
300 250 300 275 f
275 250 275 275 f
275 275 300 275 t
275 300 300 300 f
300 275 300 300 f
275 275 275 300 f
275 300 300 300 f
275 325 300 325 t
300 300 300 325 t
275 300 275 325 t
275 325 300 325 t
275 350 300 350 f
300 325 300 350 f
275 325 275 350 f
275 350 300 350 f
275 375 300 375 t
300 350 300 375 f
275 350 275 375 t
275 375 300 375 t
275 400 300 400 t
300 375 300 400 f
275 375 275 400 t
275 400 300 400 t
275 425 300 425 t
300 400 300 425 t
275 400 275 425 f
275 425 300 425 t
275 450 300 450 t
300 425 300 450 f
275 425 275 450 t
275 450 300 450 t
275 475 300 475 f
300 450 300 475 f
275 450 275 475 f
275 475 300 475 f
275 500 300 500 t
300 475 300 500 t
275 475 275 500 f
300 0 325 0 t
300 25 325 25 f
325 0 325 25 t
300 0 300 25 t
300 25 325 25 f
300 50 325 50 t
325 25 325 50 t
300 25 300 50 f
300 50 325 50 t
300 75 325 75 f
325 50 325 75 f
300 50 300 75 t
300 75 325 75 f
300 100 325 100 f
325 75 325 100 t
300 75 300 100 f
300 100 325 100 f
300 125 325 125 f
325 100 325 125 f
300 100 300 125 t
300 125 325 125 f
300 150 325 150 t
325 125 325 150 t
300 125 300 150 t
300 150 325 150 t
300 175 325 175 t
325 150 325 175 f
300 150 300 175 t
300 175 325 175 t
300 200 325 200 t
325 175 325 200 t
300 175 300 200 f
300 200 325 200 t
300 225 325 225 t
325 200 325 225 t
300 200 300 225 f
300 225 325 225 t
300 250 325 250 t
325 225 325 250 f
300 225 300 250 t
300 250 325 250 t
300 275 325 275 t
325 250 325 275 f
300 250 300 275 f
300 275 325 275 t
300 300 325 300 t
325 275 325 300 f
300 275 300 300 f
300 300 325 300 t
300 325 325 325 f
325 300 325 325 t
300 300 300 325 t
300 325 325 325 f
300 350 325 350 t
325 325 325 350 f
300 325 300 350 f
300 350 325 350 t
300 375 325 375 f
325 350 325 375 t
300 350 300 375 f
300 375 325 375 f
300 400 325 400 f
325 375 325 400 t
300 375 300 400 f
300 400 325 400 f
300 425 325 425 t
325 400 325 425 t
300 400 300 425 t
300 425 325 425 t
300 450 325 450 f
325 425 325 450 t
300 425 300 450 f
300 450 325 450 f
300 475 325 475 f
325 450 325 475 f
300 450 300 475 f
300 475 325 475 f
300 500 325 500 t
325 475 325 500 t
300 475 300 500 t
325 0 350 0 t
325 25 350 25 t
350 0 350 25 f
325 0 325 25 t
325 25 350 25 t
325 50 350 50 f
350 25 350 50 f
325 25 325 50 t
325 50 350 50 f
325 75 350 75 f
350 50 350 75 f
325 50 325 75 f
325 75 350 75 f
325 100 350 100 t
350 75 350 100 f
325 75 325 100 t
325 100 350 100 t
325 125 350 125 f
350 100 350 125 f
325 100 325 125 f
325 125 350 125 f
325 150 350 150 f
350 125 350 150 f
325 125 325 150 t
325 150 350 150 f
325 175 350 175 f
350 150 350 175 f
325 150 325 175 f
325 175 350 175 f
325 200 350 200 f
350 175 350 200 f
325 175 325 200 t
325 200 350 200 f
325 225 350 225 f
350 200 350 225 f
325 200 325 225 t
325 225 350 225 f
325 250 350 250 t
350 225 350 250 f
325 225 325 250 f
325 250 350 250 t
325 275 350 275 t
350 250 350 275 t
325 250 325 275 f
325 275 350 275 t
325 300 350 300 t
350 275 350 300 t
325 275 325 300 f
325 300 350 300 t
325 325 350 325 f
350 300 350 325 f
325 300 325 325 t
325 325 350 325 f
325 350 350 350 f
350 325 350 350 f
325 325 325 350 f
325 350 350 350 f
325 375 350 375 f
350 350 350 375 t
325 350 325 375 t
325 375 350 375 f
325 400 350 400 f
350 375 350 400 t
325 375 325 400 t
325 400 350 400 f
325 425 350 425 t
350 400 350 425 t
325 400 325 425 t
325 425 350 425 t
325 450 350 450 f
350 425 350 450 f
325 425 325 450 t
325 450 350 450 f
325 475 350 475 f
350 450 350 475 f
325 450 325 475 f
325 475 350 475 f
325 500 350 500 t
350 475 350 500 t
325 475 325 500 t
350 0 375 0 t
350 25 375 25 t
375 0 375 25 f
350 0 350 25 f
350 25 375 25 t
350 50 375 50 t
375 25 375 50 f
350 25 350 50 f
350 50 375 50 t
350 75 375 75 t
375 50 375 75 t
350 50 350 75 f
350 75 375 75 t
350 100 375 100 t
375 75 375 100 f
350 75 350 100 f
350 100 375 100 t
350 125 375 125 t
375 100 375 125 t
350 100 350 125 f
350 125 375 125 t
350 150 375 150 t
375 125 375 150 f
350 125 350 150 f
350 150 375 150 t
350 175 375 175 t
375 150 375 175 t
350 150 350 175 f
350 175 375 175 t
350 200 375 200 t
375 175 375 200 f
350 175 350 200 f
350 200 375 200 t
350 225 375 225 t
375 200 375 225 f
350 200 350 225 f
350 225 375 225 t
350 250 375 250 f
375 225 375 250 t
350 225 350 250 f
350 250 375 250 f
350 275 375 275 f
375 250 375 275 t
350 250 350 275 t
350 275 375 275 f
350 300 375 300 t
375 275 375 300 f
350 275 350 300 t
350 300 375 300 t
350 325 375 325 t
375 300 375 325 t
350 300 350 325 f
350 325 375 325 t
350 350 375 350 f
375 325 375 350 f
350 325 350 350 f
350 350 375 350 f
350 375 375 375 f
375 350 375 375 f
350 350 350 375 t
350 375 375 375 f
350 400 375 400 f
375 375 375 400 t
350 375 350 400 t
350 400 375 400 f
350 425 375 425 t
375 400 375 425 t
350 400 350 425 t
350 425 375 425 t
350 450 375 450 t
375 425 375 450 t
350 425 350 450 f
350 450 375 450 t
350 475 375 475 f
375 450 375 475 f
350 450 350 475 f
350 475 375 475 f
350 500 375 500 t
375 475 375 500 f
350 475 350 500 t
375 0 400 0 t
375 25 400 25 f
400 0 400 25 t
375 0 375 25 f
375 25 400 25 f
375 50 400 50 f
400 25 400 50 f
375 25 375 50 f
375 50 400 50 f
375 75 400 75 t
400 50 400 75 f
375 50 375 75 t
375 75 400 75 t
375 100 400 100 t
400 75 400 100 f
375 75 375 100 f
375 100 400 100 t
375 125 400 125 t
400 100 400 125 f
375 100 375 125 t
375 125 400 125 t
375 150 400 150 f
400 125 400 150 f
375 125 375 150 f
375 150 400 150 f
375 175 400 175 t
400 150 400 175 f
375 150 375 175 t
375 175 400 175 t
375 200 400 200 t
400 175 400 200 t
375 175 375 200 f
375 200 400 200 t
375 225 400 225 t
400 200 400 225 f
375 200 375 225 f
375 225 400 225 t
375 250 400 250 t
400 225 400 250 f
375 225 375 250 t
375 250 400 250 t
375 275 400 275 t
400 250 400 275 f
375 250 375 275 t
375 275 400 275 t
375 300 400 300 f
400 275 400 300 f
375 275 375 300 f
375 300 400 300 f
375 325 400 325 t
400 300 400 325 t
375 300 375 325 t
375 325 400 325 t
375 350 400 350 t
400 325 400 350 f
375 325 375 350 f
375 350 400 350 t
375 375 400 375 f
400 350 400 375 t
375 350 375 375 f
375 375 400 375 f
375 400 400 400 f
400 375 400 400 t
375 375 375 400 t
375 400 400 400 f
375 425 400 425 f
400 400 400 425 t
375 400 375 425 t
375 425 400 425 f
375 450 400 450 t
400 425 400 450 t
375 425 375 450 t
375 450 400 450 t
375 475 400 475 t
400 450 400 475 f
375 450 375 475 f
375 475 400 475 t
375 500 400 500 t
400 475 400 500 f
375 475 375 500 f
400 0 425 0 t
400 25 425 25 f
425 0 425 25 t
400 0 400 25 t
400 25 425 25 f
400 50 425 50 t
425 25 425 50 t
400 25 400 50 f
400 50 425 50 t
400 75 425 75 t
425 50 425 75 f
400 50 400 75 f
400 75 425 75 t
400 100 425 100 f
425 75 425 100 t
400 75 400 100 f
400 100 425 100 f
400 125 425 125 t
425 100 425 125 t
400 100 400 125 f
400 125 425 125 t
400 150 425 150 t
425 125 425 150 f
400 125 400 150 f
400 150 425 150 t
400 175 425 175 f
425 150 425 175 t
400 150 400 175 f
400 175 425 175 f
400 200 425 200 t
425 175 425 200 f
400 175 400 200 t
400 200 425 200 t
400 225 425 225 t
425 200 425 225 f
400 200 400 225 f
400 225 425 225 t
400 250 425 250 f
425 225 425 250 f
400 225 400 250 f
400 250 425 250 f
400 275 425 275 f
425 250 425 275 f
400 250 400 275 f
400 275 425 275 f
400 300 425 300 f
425 275 425 300 f
400 275 400 300 f
400 300 425 300 f
400 325 425 325 t
425 300 425 325 t
400 300 400 325 t
400 325 425 325 t
400 350 425 350 f
425 325 425 350 t
400 325 400 350 f
400 350 425 350 f
400 375 425 375 f
425 350 425 375 f
400 350 400 375 t
400 375 425 375 f
400 400 425 400 f
425 375 425 400 f
400 375 400 400 t
400 400 425 400 f
400 425 425 425 f
425 400 425 425 f
400 400 400 425 t
400 425 425 425 f
400 450 425 450 t
425 425 425 450 t
400 425 400 450 t
400 450 425 450 t
400 475 425 475 t
425 450 425 475 t
400 450 400 475 f
400 475 425 475 t
400 500 425 500 t
425 475 425 500 f
400 475 400 500 f
425 0 450 0 t
425 25 450 25 t
450 0 450 25 f
425 0 425 25 t
425 25 450 25 t
425 50 450 50 f
450 25 450 50 t
425 25 425 50 t
425 50 450 50 f
425 75 450 75 f
450 50 450 75 f
425 50 425 75 f
425 75 450 75 f
425 100 450 100 f
450 75 450 100 t
425 75 425 100 t
425 100 450 100 f
425 125 450 125 t
450 100 450 125 f
425 100 425 125 t
425 125 450 125 t
425 150 450 150 f
450 125 450 150 t
425 125 425 150 f
425 150 450 150 f
425 175 450 175 t
450 150 450 175 t
425 150 425 175 t
425 175 450 175 t
425 200 450 200 t
450 175 450 200 t
425 175 425 200 f
425 200 450 200 t
425 225 450 225 t
450 200 450 225 t
425 200 425 225 f
425 225 450 225 t
425 250 450 250 t
450 225 450 250 f
425 225 425 250 f
425 250 450 250 t
425 275 450 275 t
450 250 450 275 f
425 250 425 275 f
425 275 450 275 t
425 300 450 300 t
450 275 450 300 f
425 275 425 300 f
425 300 450 300 t
425 325 450 325 t
450 300 450 325 f
425 300 425 325 t
425 325 450 325 t
425 350 450 350 t
450 325 450 350 f
425 325 425 350 t
425 350 450 350 t
425 375 450 375 t
450 350 450 375 f
425 350 425 375 f
425 375 450 375 t
425 400 450 400 t
450 375 450 400 t
425 375 425 400 f
425 400 450 400 t
425 425 450 425 f
450 400 450 425 f
425 400 425 425 f
425 425 450 425 f
425 450 450 450 t
450 425 450 450 t
425 425 425 450 t
425 450 450 450 t
425 475 450 475 f
450 450 450 475 t
425 450 425 475 t
425 475 450 475 f
425 500 450 500 t
450 475 450 500 t
425 475 425 500 f
450 0 475 0 t
450 25 475 25 f
475 0 475 25 f
450 0 450 25 f
450 25 475 25 f
450 50 475 50 f
475 25 475 50 f
450 25 450 50 t
450 50 475 50 f
450 75 475 75 t
475 50 475 75 t
450 50 450 75 f
450 75 475 75 t
450 100 475 100 t
475 75 475 100 f
450 75 450 100 t
450 100 475 100 t
450 125 475 125 f
475 100 475 125 t
450 100 450 125 f
450 125 475 125 f
450 150 475 150 f
475 125 475 150 f
450 125 450 150 t
450 150 475 150 f
450 175 475 175 f
475 150 475 175 t
450 150 450 175 t
450 175 475 175 f
450 200 475 200 t
475 175 475 200 f
450 175 450 200 t
450 200 475 200 t
450 225 475 225 f
475 200 475 225 t
450 200 450 225 t
450 225 475 225 f
450 250 475 250 t
475 225 475 250 t
450 225 450 250 f
450 250 475 250 t
450 275 475 275 t
475 250 475 275 t
450 250 450 275 f
450 275 475 275 t
450 300 475 300 f
475 275 475 300 f
450 275 450 300 f
450 300 475 300 f
450 325 475 325 f
475 300 475 325 f
450 300 450 325 f
450 325 475 325 f
450 350 475 350 t
475 325 475 350 t
450 325 450 350 f
450 350 475 350 t
450 375 475 375 f
475 350 475 375 f
450 350 450 375 f
450 375 475 375 f
450 400 475 400 t
475 375 475 400 t
450 375 450 400 t
450 400 475 400 t
450 425 475 425 f
475 400 475 425 f
450 400 450 425 f
450 425 475 425 f
450 450 475 450 f
475 425 475 450 f
450 425 450 450 t
450 450 475 450 f
450 475 475 475 f
475 450 475 475 f
450 450 450 475 t
450 475 475 475 f
450 500 475 500 t
475 475 475 500 f
450 475 450 500 t
475 0 500 0 t
475 25 500 25 t
500 0 500 25 t
475 0 475 25 f
475 25 500 25 t
475 50 500 50 f
500 25 500 50 t
475 25 475 50 f
475 50 500 50 f
475 75 500 75 f
500 50 500 75 t
475 50 475 75 t
475 75 500 75 f
475 100 500 100 f
500 75 500 100 t
475 75 475 100 f
475 100 500 100 f
475 125 500 125 t
500 100 500 125 t
475 100 475 125 t
475 125 500 125 t
475 150 500 150 f
500 125 500 150 t
475 125 475 150 f
475 150 500 150 f
475 175 500 175 t
500 150 500 175 t
475 150 475 175 t
475 175 500 175 t
475 200 500 200 f
500 175 500 200 t
475 175 475 200 f
475 200 500 200 f
475 225 500 225 t
500 200 500 225 t
475 200 475 225 t
475 225 500 225 t
475 250 500 250 f
500 225 500 250 t
475 225 475 250 t
475 250 500 250 f
475 275 500 275 f
500 250 500 275 t
475 250 475 275 t
475 275 500 275 f
475 300 500 300 t
500 275 500 300 t
475 275 475 300 f
475 300 500 300 t
475 325 500 325 f
500 300 500 325 t
475 300 475 325 f
475 325 500 325 f
475 350 500 350 t
500 325 500 350 t
475 325 475 350 t
475 350 500 350 t
475 375 500 375 f
500 350 500 375 t
475 350 475 375 f
475 375 500 375 f
475 400 500 400 t
500 375 500 400 t
475 375 475 400 t
475 400 500 400 t
475 425 500 425 t
500 400 500 425 t
475 400 475 425 f
475 425 500 425 t
475 450 500 450 t
500 425 500 450 t
475 425 475 450 f
475 450 500 450 t
475 475 500 475 t
500 450 500 475 t
475 450 475 475 f
475 475 500 475 t
475 500 500 500 t
500 475 500 500 t
475 475 475 500 f
